Total Amounts: 40.0
Xmean: 19.09245784951016

Ymean: 11.484674226486945

Xdeviation: 40.001672094360536

Ydeviation: 24.758353150641078


dx =40.001672094360536;
dy =24.758353150641078;
Mx =19.09245784951016;
My =11.484674226486945;
