Total Amounts: 157.0
Xmean: 31.009283309952707

Ymean: 31.425531346187505

Xdeviation: 28.5193572750854

Ydeviation: 45.66468165262331


dx =28.5193572750854;
dy =45.66468165262331;
Mx =31.009283309952707;
My =31.425531346187505;
