Total Amounts: 37.0
Xmean: 24.453633319213083

Ymean: 13.374786602504281

Xdeviation: 37.69319660745237

Ydeviation: 20.456923499448312


dx =37.69319660745237

dy =20.456923499448312

Mx =24.453633319213083

My =13.374786602504281

