Total Amounts: 145.0
Xmean: 11.956858827140183

Ymean: 10.04098359660601

Xdeviation: 25.4040049489201

Ydeviation: 23.674793665708954


dx =25.4040049489201;

dy =23.674793665708954;

Mx =11.956858827140183;

My =10.04098359660601;

